BREAK_IN,2,1496649101501,1496649101501,15,1496649117334
BREAK_IN,2,1496649468348,1496649468348,4,1496649472956
BREAK_IN,3,1496729690601,1496729690601,26,1496729717514
BREAK_IN,3,1496729690601,1496729690601,0,1496729722356
BREAK_IN,1,1496729690601,1496729690601,0,1496729726798
BREAK_IN,2,1496729690601,1496729690601,0,1496729731343
FIRE,1,1496730282491,1496730282491,15,1496730297533
FIRE,2,1496730306653,1496730306653,16,1496730323323
FIRE,2,1496730306653,1496730306653,0,1496730326601
BREAK_IN,2,1496730332185,1496730332185,29,1496730333738
BREAK_IN,2,1496730332185,1496730332185,0,1496730339230
BREAK_IN,1,1496730680743,1496730680743,3,1496730684671
BREAK_IN,1,1496730680743,1496730680743,0,1496730826483
BREAK_IN,2,1496730903447,1496730903447,16,1496730910734
BREAK_IN,2,1496730903447,1496730903447,0,1496730916251
BREAK_IN,1,1496730903447,1496730903447,0,1496730940133
BREAK_IN,1,1496730903447,1496730903447,0,1496730945873
BREAK_IN,1,1496730949504,1496730949504,10,1496730959935
BREAK_IN,1,1496731033105,1496731033105,3,1496731036191
BREAK_IN,1,1496731518503,1496731518503,21,1496731540059
